Input:
#Penjumlahan Matriks
import numpy as np
import math

# Matriks a
a = np. array  ([
    [5, 9, 4, 2, 4, 8],
    [7, 5, 3, 1, 1, 4],
    [7, 8, 2, 0, 1, 7],
    [5, 6, 9, 3, 4, 4],
    [0, 9, 7, 2, 3, 7],
    [7, 1, 9, 3, 6, 7]])


# Matriks b
b = np.array ([
    [1, 2, 9, 0, 4, 7],
    [7, 7, 1, 2, 7, 3],
    [9, 2, 2, 1, 1, 7],
    [3, 3, 7, 9, 0, 9],
    [3, 3, 7, 9, 0, 9],
    [1, 0, 8, 7, 8, 9],])

c= a+b
print (c)

Output:
[[ 6 11 13  2  8 15]
 [14 12  4  3  8  7]
 [16 10  4  1  2 14]
 [ 8  9 16 12  4 13]
 [ 3 12 14 11  3 16]
 [ 8  1 17 10 14 16]]
