-INPUT:
import numpy as np
# create a matrix
matrix1 = np.array([[80,29,14,8,36,81,47,43],
                    [45,62,49,32,32,47,57,63],
                    [81,84,77,44,25,90,3,86],
                    [21,87,38,38,43,24,56,41],
                    [47,16,64,33,89,62,77,33],
                    [60,53,22,45,55,71,55,68],
                    [15,89,79,41,19,81,36,71],
                    [68,86,83,46,1,58,66,34],
                    [66,65,53,50,67,88,54,3],
                    [58,30,35,47,9,89,75,48],
                    [29,0,85,68,34,86,86,39],
                    [10,43,10,82,24,52,44,6]])

# get transpose of matrix1
result = np.transpose(matrix1)

print(result)

-OUTPUT:
[[80 45 81 21 47 60 15 68 66 58 29 10]
 [29 62 84 87 16 53 89 86 65 30  0 43]
 [14 49 77 38 64 22 79 83 53 35 85 10]
 [ 8 32 44 38 33 45 41 46 50 47 68 82]
 [36 32 25 43 89 55 19  1 67  9 34 24]
 [81 47 90 24 62 71 81 58 88 89 86 52]
 [47 57  3 56 77 55 36 66 54 75 86 44]
 [43 63 86 41 33 68 71 34  3 48 39  0]]
